0 Untitled Model
0 Name:  Detective
0 Author:  
0 CustomBrick
0 NumOfBricks:  9
1 308 -20.000000 -40.000000 -29.000000 1.000000 0.000000 0.000000 0.000000 1.000000 0.000000 0.000000 0.000000 1.000000 3815c01.dat
1 308 -20.000000 -72.000000 -29.000000 1.000000 0.000000 0.000000 0.000000 1.000000 0.000000 0.000000 0.000000 1.000000 973pa4.dat
1 308 -4.528200 -63.124320 -29.000000 0.985328 0.170671 0.000000 -0.170671 0.985328 0.000000 0.000000 0.000000 1.000000 3819.dat
1 308 -35.574620 -63.092840 -29.000000 0.985495 -0.169703 0.000000 0.169703 0.985495 0.000000 0.000000 0.000000 1.000000 3818.dat
1 77 -43.726460 -45.216940 -38.500000 0.991565 0.048984 0.119998 0.048984 0.715542 -0.696850 -0.119998 0.696850 0.707107 3820.dat
1 77 3.641190 -45.256440 -39.000000 0.991468 -0.049255 -0.120682 -0.049255 0.715638 -0.696732 0.120682 0.696732 0.707107 3820.dat
1 77 -20.000010 -96.000000 -29.000000 1.000000 0.000000 0.000000 0.000000 1.000000 0.000000 0.000000 0.000000 1.000000 3626bp3r.dat
1 308 -20.000010 -96.000000 -29.000000 1.000000 0.000000 0.000000 0.000000 1.000000 0.000000 0.000000 0.000000 1.000000 95674.dat
1 72 4.867260 -38.382220 -46.267240 0.996851 -0.077643 0.016144 0.054342 0.520513 -0.852123 0.057758 0.850317 0.523093 30152c01.dat
